{
 "cells": [
  {
   "cell_type": "markdown",
   "id": "d38d588c-60be-43d9-b6a5-e63b1379d267",
   "metadata": {},
   "source": [
    "# AIVLE스쿨 1차 미니프로젝트: 서울시 생활정보 기반 대중교통 수요 분석"
   ]
  },
  {
   "cell_type": "markdown",
   "id": "a0f63adc-ebf2-4221-8aba-fa79f51557a0",
   "metadata": {},
   "source": [
    "<img src = \"https://github.com/Jangrae/img/blob/master/bus.png?raw=true\" width=800, align=\"left\"/>"
   ]
  },
  {
   "cell_type": "markdown",
   "id": "boxed-jamaica",
   "metadata": {
    "id": "boxed-jamaica"
   },
   "source": [
    "- 본 과정에서는 서울시 생활정보 데이터를 기반으로 데이터 분석을 시도하고 주어진 문제를 해결할 것입니다.\n",
    "- 우리는 공공 데이터를 활용해 버스노선 관련 인사이트를 도출하여 유용한 정책을 세우는데 도움을 주고자 합니다."
   ]
  },
  {
   "cell_type": "markdown",
   "id": "b9a9c4c4-6dee-474f-82f7-ae976fca4b86",
   "metadata": {
    "id": "gklxNfgNpkls"
   },
   "source": [
    "### 로컬 수행(Anaconda)\n",
    "- project 폴더에 필요한 파일들을 넣고, 본 파일을 열었다면, 별도 경로 지정이 필요하지 않습니다."
   ]
  },
  {
   "cell_type": "code",
   "execution_count": 252,
   "id": "480cb022-4297-4820-b5df-9d1dfa9ab3af",
   "metadata": {
    "id": "PNI6X2yxpkls",
    "tags": []
   },
   "outputs": [],
   "source": [
    "# 기본 경로\n",
    "path = ''"
   ]
  },
  {
   "cell_type": "markdown",
   "id": "a0a22945-46f3-4c3c-b57d-36de5c4ec344",
   "metadata": {
    "id": "7rWT4biQpkls"
   },
   "source": [
    "### 구글 콜랩 수행\n",
    "\n",
    "- 구글 콜랩을 사용중이면 구글 드라이브를 연결합니다."
   ]
  },
  {
   "cell_type": "code",
   "execution_count": 254,
   "id": "2502bd5d-cb16-4eef-a3c1-5b1c61174a22",
   "metadata": {
    "id": "CLasRk8Spklt",
    "tags": []
   },
   "outputs": [],
   "source": [
    "# 구글 드라이브 연결, 패스 지정\n",
    "import sys\n",
    "if 'google.colab' in sys.modules:\n",
    "    from google.colab import drive\n",
    "    drive.mount('/content/drive')\n",
    "    path = '/content/drive/MyDrive/project/'"
   ]
  },
  {
   "cell_type": "markdown",
   "id": "ef9c6ef0-a62e-42d5-b29c-486d8bb86e9b",
   "metadata": {},
   "source": [
    "### 한글 폰트 표시를 위해 설치합니다."
   ]
  },
  {
   "cell_type": "code",
   "execution_count": 256,
   "id": "fdc5f5fc-d9cd-4006-87d1-063fed190f3e",
   "metadata": {},
   "outputs": [],
   "source": [
    "# 한글 표시를 위한 라이브러리 설치\n",
    "!pip install koreanize_matplotlib -q"
   ]
  },
  {
   "cell_type": "markdown",
   "id": "ae4cd187-81a3-43d1-819c-828d9db1329f",
   "metadata": {},
   "source": [
    "### 필요한 라이브러리를 불러옵니다."
   ]
  },
  {
   "cell_type": "code",
   "execution_count": 258,
   "id": "45311f25-914f-4f87-9873-73ffc2965a41",
   "metadata": {
    "tags": []
   },
   "outputs": [],
   "source": [
    "# 라이브러리 불러오기\n",
    "import numpy as np\n",
    "import pandas as pd\n",
    "import matplotlib.pyplot as plt\n",
    "import koreanize_matplotlib\n",
    "import seaborn as sns\n",
    "import scipy.stats as spst\n",
    "import warnings\n",
    "\n",
    "warnings.filterwarnings(action='ignore')\n",
    "%config InlineBackend.figure_format='retina'"
   ]
  },
  {
   "cell_type": "markdown",
   "id": "46fa690c",
   "metadata": {
    "id": "46fa690c"
   },
   "source": [
    "## ▣ 우리가 풀어야 하는 문제는 무엇인가요?\n",
    "\n",
    "- 제공 데이터\n",
    "    - 버스 승하차 및 운행 노선 데이터\n",
    "    - 구별 유동인구 데이터\n",
    "    - 구별 주민 등록 데이터\n",
    "    - 구별 업종 등록 정보\n",
    "    \n",
    "#### 위 제공 데이터를 분석하여 버스 노선 추가 필요 대상 지역(구 단위)을 선정합니다."
   ]
  },
  {
   "cell_type": "markdown",
   "id": "22a4bba9",
   "metadata": {},
   "source": [
    "# 1. 데이터 불러오기\n",
    "\n",
    "- 이전 과정에서 저장한 다음 4개의 파일을 불러와 데이터프레임으로 선언합니다.\n",
    "    - 구별 버스 정류장 데이터(df_seoul_bus_station.csv) → df_seoul_bus_station\n",
    "    - 구별 유동인구 데이터(df_seoul_moving.csv) → df_seoul_moving\n",
    "    - 구별 상권 데이터(df_seoul_business.csv) → df_seoul_business\n",
    "    - 구별 인구 데이터(df_seoul_people.csv) → df_seoul_people"
   ]
  },
  {
   "cell_type": "code",
   "execution_count": 261,
   "id": "d8f6cfe8",
   "metadata": {},
   "outputs": [
    {
     "data": {
      "text/plain": [
       "(25, 7)"
      ]
     },
     "execution_count": 261,
     "metadata": {},
     "output_type": "execute_result"
    }
   ],
   "source": [
    "# 구별 버스 정류장 데이터불러오기\n",
    "df_seoul_bus_station = pd.read_csv(path + 'df_seoul_bus_station.csv')\n",
    "\n",
    "# 확인\n",
    "df_seoul_bus_station.shape"
   ]
  },
  {
   "cell_type": "code",
   "execution_count": 262,
   "id": "7770cc4c",
   "metadata": {},
   "outputs": [
    {
     "data": {
      "text/plain": [
       "(25, 5)"
      ]
     },
     "execution_count": 262,
     "metadata": {},
     "output_type": "execute_result"
    }
   ],
   "source": [
    "# 구별 유동인구 데이터 불러오기\n",
    "df_seoul_moving = pd.read_csv(path + 'df_seoul_moving.csv')\n",
    "\n",
    "# 확인\n",
    "df_seoul_moving.head()\n",
    "df_seoul_moving.shape"
   ]
  },
  {
   "cell_type": "code",
   "execution_count": 263,
   "id": "8016c05b",
   "metadata": {},
   "outputs": [
    {
     "data": {
      "text/plain": [
       "(25, 8)"
      ]
     },
     "execution_count": 263,
     "metadata": {},
     "output_type": "execute_result"
    }
   ],
   "source": [
    "#  구별 상권 데이터 불러오기\n",
    "df_seoul_business = pd.read_csv(path + 'df_seoul_business.csv')\n",
    "\n",
    "# 확인\n",
    "df_seoul_business.head()\n",
    "df_seoul_business.shape"
   ]
  },
  {
   "cell_type": "code",
   "execution_count": 264,
   "id": "a3b0ef35",
   "metadata": {},
   "outputs": [
    {
     "data": {
      "text/plain": [
       "(25, 4)"
      ]
     },
     "execution_count": 264,
     "metadata": {},
     "output_type": "execute_result"
    }
   ],
   "source": [
    "# 구별 인구 데이터 불러오기\n",
    "df_seoul_people = pd.read_csv(path + 'df_seoul_people.csv')\n",
    "\n",
    "# 확인\n",
    "df_seoul_people.head()\n",
    "df_seoul_people.shape"
   ]
  },
  {
   "cell_type": "markdown",
   "id": "02361997-1f98-4e3e-842d-bdae2bddd0be",
   "metadata": {},
   "source": [
    "# 2. 데이터 합치기\n",
    "\n",
    "- 위에서 선언한 네 개의 데이터프레임을 '자치구'열을 기준으로 조인(merge)합니다.\n",
    "- 조인 결과를 df 데이터프레임으로 선언합니다."
   ]
  },
  {
   "cell_type": "code",
   "execution_count": 266,
   "id": "24951c98",
   "metadata": {},
   "outputs": [],
   "source": [
    "# 네 개의 데이터프레임 조인(megre)\n",
    "df = pd.merge(df_seoul_bus_station, df_seoul_moving, how='inner', on='자치구')\n",
    "df = pd.merge(df, df_seoul_business, how='inner', on='자치구')\n",
    "df = pd.merge(df, df_seoul_people, how='inner', on='자치구')"
   ]
  },
  {
   "cell_type": "code",
   "execution_count": 267,
   "id": "2aab60fa",
   "metadata": {},
   "outputs": [
    {
     "data": {
      "text/html": [
       "<div>\n",
       "<style scoped>\n",
       "    .dataframe tbody tr th:only-of-type {\n",
       "        vertical-align: middle;\n",
       "    }\n",
       "\n",
       "    .dataframe tbody tr th {\n",
       "        vertical-align: top;\n",
       "    }\n",
       "\n",
       "    .dataframe thead th {\n",
       "        text-align: right;\n",
       "    }\n",
       "</style>\n",
       "<table border=\"1\" class=\"dataframe\">\n",
       "  <thead>\n",
       "    <tr style=\"text-align: right;\">\n",
       "      <th></th>\n",
       "      <th>자치구</th>\n",
       "      <th>정류장수</th>\n",
       "      <th>노선수</th>\n",
       "      <th>승차총승객수</th>\n",
       "      <th>하차총승객수</th>\n",
       "      <th>승차평균승객수</th>\n",
       "      <th>하차평균승객수</th>\n",
       "      <th>평균 이동 시간(분)</th>\n",
       "      <th>이동인구(합)</th>\n",
       "      <th>총 이동 시간</th>\n",
       "      <th>...</th>\n",
       "      <th>한식 일반 음식점업</th>\n",
       "      <th>한식 육류요리 전문점</th>\n",
       "      <th>커피전문점</th>\n",
       "      <th>기타주점업</th>\n",
       "      <th>택시운송업</th>\n",
       "      <th>남녀용 겉옷 및 셔츠 도매업</th>\n",
       "      <th>부동산 중개 및 대리업</th>\n",
       "      <th>남자</th>\n",
       "      <th>여자</th>\n",
       "      <th>합계</th>\n",
       "    </tr>\n",
       "  </thead>\n",
       "  <tbody>\n",
       "    <tr>\n",
       "      <th>0</th>\n",
       "      <td>강남구</td>\n",
       "      <td>502</td>\n",
       "      <td>99</td>\n",
       "      <td>9113021</td>\n",
       "      <td>8640353</td>\n",
       "      <td>135.163908</td>\n",
       "      <td>128.153318</td>\n",
       "      <td>65.220874</td>\n",
       "      <td>89.880083</td>\n",
       "      <td>37563832</td>\n",
       "      <td>...</td>\n",
       "      <td>11486</td>\n",
       "      <td>5008</td>\n",
       "      <td>7273</td>\n",
       "      <td>2528</td>\n",
       "      <td>2517</td>\n",
       "      <td>8320</td>\n",
       "      <td>6508</td>\n",
       "      <td>268993</td>\n",
       "      <td>293762</td>\n",
       "      <td>562755</td>\n",
       "    </tr>\n",
       "    <tr>\n",
       "      <th>1</th>\n",
       "      <td>강동구</td>\n",
       "      <td>376</td>\n",
       "      <td>24</td>\n",
       "      <td>3306588</td>\n",
       "      <td>3242901</td>\n",
       "      <td>94.638885</td>\n",
       "      <td>92.816079</td>\n",
       "      <td>71.135695</td>\n",
       "      <td>67.088111</td>\n",
       "      <td>27212889</td>\n",
       "      <td>...</td>\n",
       "      <td>3388</td>\n",
       "      <td>1459</td>\n",
       "      <td>1660</td>\n",
       "      <td>1349</td>\n",
       "      <td>4980</td>\n",
       "      <td>1433</td>\n",
       "      <td>1990</td>\n",
       "      <td>228197</td>\n",
       "      <td>239705</td>\n",
       "      <td>467902</td>\n",
       "    </tr>\n",
       "    <tr>\n",
       "      <th>2</th>\n",
       "      <td>강북구</td>\n",
       "      <td>410</td>\n",
       "      <td>71</td>\n",
       "      <td>5244436</td>\n",
       "      <td>5077041</td>\n",
       "      <td>138.244306</td>\n",
       "      <td>133.831743</td>\n",
       "      <td>65.258796</td>\n",
       "      <td>38.290780</td>\n",
       "      <td>24201877</td>\n",
       "      <td>...</td>\n",
       "      <td>2663</td>\n",
       "      <td>1176</td>\n",
       "      <td>1095</td>\n",
       "      <td>1275</td>\n",
       "      <td>2589</td>\n",
       "      <td>94</td>\n",
       "      <td>867</td>\n",
       "      <td>139260</td>\n",
       "      <td>150567</td>\n",
       "      <td>289827</td>\n",
       "    </tr>\n",
       "    <tr>\n",
       "      <th>3</th>\n",
       "      <td>강서구</td>\n",
       "      <td>565</td>\n",
       "      <td>54</td>\n",
       "      <td>5244615</td>\n",
       "      <td>5218001</td>\n",
       "      <td>93.106837</td>\n",
       "      <td>92.634362</td>\n",
       "      <td>70.107829</td>\n",
       "      <td>59.547527</td>\n",
       "      <td>30772920</td>\n",
       "      <td>...</td>\n",
       "      <td>4584</td>\n",
       "      <td>2274</td>\n",
       "      <td>2530</td>\n",
       "      <td>1709</td>\n",
       "      <td>6922</td>\n",
       "      <td>700</td>\n",
       "      <td>2352</td>\n",
       "      <td>270025</td>\n",
       "      <td>294460</td>\n",
       "      <td>564485</td>\n",
       "    </tr>\n",
       "    <tr>\n",
       "      <th>4</th>\n",
       "      <td>관악구</td>\n",
       "      <td>465</td>\n",
       "      <td>82</td>\n",
       "      <td>7691243</td>\n",
       "      <td>7850254</td>\n",
       "      <td>147.777793</td>\n",
       "      <td>150.832994</td>\n",
       "      <td>63.064536</td>\n",
       "      <td>47.985346</td>\n",
       "      <td>27629141</td>\n",
       "      <td>...</td>\n",
       "      <td>3689</td>\n",
       "      <td>1628</td>\n",
       "      <td>2049</td>\n",
       "      <td>1672</td>\n",
       "      <td>2027</td>\n",
       "      <td>190</td>\n",
       "      <td>2136</td>\n",
       "      <td>248571</td>\n",
       "      <td>248566</td>\n",
       "      <td>497137</td>\n",
       "    </tr>\n",
       "  </tbody>\n",
       "</table>\n",
       "<p>5 rows × 21 columns</p>\n",
       "</div>"
      ],
      "text/plain": [
       "   자치구  정류장수  노선수   승차총승객수   하차총승객수     승차평균승객수     하차평균승객수  평균 이동 시간(분)  \\\n",
       "0  강남구   502   99  9113021  8640353  135.163908  128.153318    65.220874   \n",
       "1  강동구   376   24  3306588  3242901   94.638885   92.816079    71.135695   \n",
       "2  강북구   410   71  5244436  5077041  138.244306  133.831743    65.258796   \n",
       "3  강서구   565   54  5244615  5218001   93.106837   92.634362    70.107829   \n",
       "4  관악구   465   82  7691243  7850254  147.777793  150.832994    63.064536   \n",
       "\n",
       "     이동인구(합)   총 이동 시간  ...  한식 일반 음식점업  한식 육류요리 전문점  커피전문점  기타주점업  택시운송업  \\\n",
       "0  89.880083  37563832  ...       11486         5008   7273   2528   2517   \n",
       "1  67.088111  27212889  ...        3388         1459   1660   1349   4980   \n",
       "2  38.290780  24201877  ...        2663         1176   1095   1275   2589   \n",
       "3  59.547527  30772920  ...        4584         2274   2530   1709   6922   \n",
       "4  47.985346  27629141  ...        3689         1628   2049   1672   2027   \n",
       "\n",
       "   남녀용 겉옷 및 셔츠 도매업  부동산 중개 및 대리업      남자      여자      합계  \n",
       "0             8320          6508  268993  293762  562755  \n",
       "1             1433          1990  228197  239705  467902  \n",
       "2               94           867  139260  150567  289827  \n",
       "3              700          2352  270025  294460  564485  \n",
       "4              190          2136  248571  248566  497137  \n",
       "\n",
       "[5 rows x 21 columns]"
      ]
     },
     "execution_count": 267,
     "metadata": {},
     "output_type": "execute_result"
    }
   ],
   "source": [
    "# 확인\n",
    "df.head()"
   ]
  },
  {
   "cell_type": "code",
   "execution_count": 268,
   "id": "edb23047-a775-493c-a964-b0546c8c4c38",
   "metadata": {
    "scrolled": true
   },
   "outputs": [
    {
     "data": {
      "application/vnd.plotly.v1+json": {
       "config": {
        "plotlyServerURL": "https://plot.ly"
       },
       "data": [
        {
         "coloraxis": "coloraxis",
         "hovertemplate": "x: %{x}<br>y: %{y}<br>color: %{z}<extra></extra>",
         "name": "0",
         "texttemplate": "%{z}",
         "type": "heatmap",
         "x": [
          "정류장수",
          "노선수",
          "승차총승객수",
          "하차총승객수",
          "승차평균승객수",
          "하차평균승객수",
          "평균 이동 시간(분)",
          "이동인구(합)",
          "총 이동 시간",
          "총 이동인구",
          "한식 일반 음식점업",
          "한식 육류요리 전문점",
          "커피전문점",
          "기타주점업",
          "택시운송업",
          "남녀용 겉옷 및 셔츠 도매업",
          "부동산 중개 및 대리업",
          "합계"
         ],
         "xaxis": "x",
         "y": [
          "정류장수",
          "노선수",
          "승차총승객수",
          "하차총승객수",
          "승차평균승객수",
          "하차평균승객수",
          "평균 이동 시간(분)",
          "이동인구(합)",
          "총 이동 시간",
          "총 이동인구",
          "한식 일반 음식점업",
          "한식 육류요리 전문점",
          "커피전문점",
          "기타주점업",
          "택시운송업",
          "남녀용 겉옷 및 셔츠 도매업",
          "부동산 중개 및 대리업",
          "합계"
         ],
         "yaxis": "y",
         "z": [
          [
           1,
           0.2999612161226204,
           0.575472972334372,
           0.5880174296826001,
           -0.2253780775993318,
           -0.1999717101632,
           0.35056246916915096,
           0.43820300606034085,
           0.4666392021169068,
           0.42321745502526964,
           0.1796764277507016,
           0.33032025884464616,
           0.2404944324736763,
           0.3440054736013663,
           0.22979708343931815,
           -0.42768566536442054,
           0.3635584116546927,
           0.612568427601915
          ],
          [
           0.2999612161226204,
           1,
           0.730705255961979,
           0.7187990183840053,
           0.5128905852978469,
           0.49567382312220976,
           -0.5164817726116779,
           0.05099902041940028,
           0.4063001346708834,
           0.2717571907759568,
           0.4664730575893401,
           0.3282205504052191,
           0.4809023654757555,
           0.293330309274714,
           -0.6236041299384008,
           0.2678569713715036,
           0.14125314489310625,
           -0.2099583442129985
          ],
          [
           0.575472972334372,
           0.730705255961979,
           1,
           0.9968596795990633,
           0.45368139167102356,
           0.45983777963554817,
           -0.018809632449914515,
           0.5062216271919774,
           0.6631874455067952,
           0.6314634832736126,
           0.6452773300406207,
           0.6011181147765258,
           0.6096240416040433,
           0.5703694243473103,
           -0.2931830137637872,
           0.01767080143555498,
           0.6029301866333924,
           0.37856590729746653
          ],
          [
           0.5880174296826001,
           0.7187990183840053,
           0.9968596795990633,
           1,
           0.4451838672732158,
           0.4616218190748326,
           -0.01389055990407043,
           0.49757818543140453,
           0.658294243440339,
           0.6174985438501023,
           0.6168304637817834,
           0.5737900727059866,
           0.5784600165175451,
           0.5611389156923003,
           -0.2800433125153766,
           -0.0038349398132488206,
           0.5773733574630608,
           0.39812111214421886
          ],
          [
           -0.2253780775993318,
           0.5128905852978469,
           0.45368139167102356,
           0.4451838672732158,
           1,
           0.9911135923883868,
           -0.4128000597733806,
           -0.13813835095673752,
           0.0867116086162833,
           0.03304159763889801,
           0.32825832534152943,
           0.11238558267200584,
           0.26366891532617603,
           0.2153949115659602,
           -0.7718952681978176,
           0.24160227918862828,
           0.11549352326806935,
           -0.3827419366899735
          ],
          [
           -0.1999717101632,
           0.49567382312220976,
           0.45983777963554817,
           0.4616218190748326,
           0.9911135923883868,
           1,
           -0.4070481478887801,
           -0.13837612420123502,
           0.09566753646482419,
           0.027150867005203198,
           0.29528692399290946,
           0.08481174066792477,
           0.22771444088206966,
           0.21828612020410254,
           -0.7559534981317861,
           0.20433678344587708,
           0.09119748404174353,
           -0.3407377678377545
          ],
          [
           0.35056246916915096,
           -0.5164817726116779,
           -0.018809632449914515,
           -0.01389055990407043,
           -0.4128000597733806,
           -0.4070481478887801,
           1,
           0.5205692718831676,
           0.08492930672529814,
           0.2670368092396923,
           0.017730610759603246,
           0.15643809663709368,
           -0.04291553495005797,
           0.08364056781069285,
           0.7375354644964981,
           -0.23114129009789677,
           0.32958992986142266,
           0.6707327597624012
          ],
          [
           0.43820300606034085,
           0.05099902041940028,
           0.5062216271919774,
           0.49757818543140453,
           -0.13813835095673752,
           -0.13837612420123502,
           0.5205692718831676,
           1,
           0.8300907386538074,
           0.9505435537396086,
           0.7376566847378264,
           0.8147257008165251,
           0.7145131803921466,
           0.5994463763355143,
           0.1994437966468668,
           0.16340396747668698,
           0.8552684395493867,
           0.7299277396335513
          ],
          [
           0.4666392021169068,
           0.4063001346708834,
           0.6631874455067952,
           0.658294243440339,
           0.0867116086162833,
           0.09566753646482419,
           0.08492930672529814,
           0.8300907386538074,
           1,
           0.9370317066183174,
           0.8318224542175641,
           0.8647064381332634,
           0.8406645045829035,
           0.6944005789984212,
           -0.14804927069327675,
           0.2458884256993389,
           0.7474824626562773,
           0.47841142204099707
          ],
          [
           0.42321745502526964,
           0.2717571907759568,
           0.6314634832736126,
           0.6174985438501023,
           0.03304159763889801,
           0.027150867005203198,
           0.2670368092396923,
           0.9505435537396086,
           0.9370317066183174,
           1,
           0.8702724600030979,
           0.9147237593552197,
           0.8610877452839734,
           0.6768217611450358,
           -0.028218364614443037,
           0.26067369859456524,
           0.892162536959431,
           0.5876287823859206
          ],
          [
           0.1796764277507016,
           0.4664730575893401,
           0.6452773300406207,
           0.6168304637817834,
           0.32825832534152943,
           0.29528692399290946,
           0.017730610759603246,
           0.7376566847378264,
           0.8318224542175641,
           0.8702724600030979,
           1,
           0.9122340081033233,
           0.9489577455327104,
           0.6510940004208019,
           -0.2848096614695994,
           0.4969424205659481,
           0.8049530061162823,
           0.20877245030689534
          ],
          [
           0.33032025884464616,
           0.3282205504052191,
           0.6011181147765258,
           0.5737900727059866,
           0.11238558267200584,
           0.08481174066792477,
           0.15643809663709368,
           0.8147257008165251,
           0.8647064381332634,
           0.9147237593552197,
           0.9122340081033233,
           1,
           0.945117989085926,
           0.7792282876778246,
           -0.1023894088184454,
           0.363872395343312,
           0.8873342611478702,
           0.4114352445762125
          ],
          [
           0.2404944324736763,
           0.4809023654757555,
           0.6096240416040433,
           0.5784600165175451,
           0.26366891532617603,
           0.22771444088206966,
           -0.04291553495005797,
           0.7145131803921466,
           0.8406645045829035,
           0.8610877452839734,
           0.9489577455327104,
           0.945117989085926,
           1,
           0.7601534543153704,
           -0.33730331949316894,
           0.436134487806635,
           0.7982520416939276,
           0.19054376778431925
          ],
          [
           0.3440054736013663,
           0.293330309274714,
           0.5703694243473103,
           0.5611389156923003,
           0.2153949115659602,
           0.21828612020410254,
           0.08364056781069285,
           0.5994463763355143,
           0.6944005789984212,
           0.6768217611450358,
           0.6510940004208019,
           0.7792282876778246,
           0.7601534543153704,
           1,
           -0.20370004371169007,
           0.07231357023910737,
           0.6456254285578134,
           0.34354926344868736
          ],
          [
           0.22979708343931815,
           -0.6236041299384008,
           -0.2931830137637872,
           -0.2800433125153766,
           -0.7718952681978176,
           -0.7559534981317861,
           0.7375354644964981,
           0.1994437966468668,
           -0.14804927069327675,
           -0.028218364614443037,
           -0.2848096614695994,
           -0.1023894088184454,
           -0.33730331949316894,
           -0.20370004371169007,
           1,
           -0.32138690725442204,
           0.008479285905019191,
           0.5845255463767997
          ],
          [
           -0.42768566536442054,
           0.2678569713715036,
           0.01767080143555498,
           -0.0038349398132488206,
           0.24160227918862828,
           0.20433678344587708,
           -0.23114129009789677,
           0.16340396747668698,
           0.2458884256993389,
           0.26067369859456524,
           0.4969424205659481,
           0.363872395343312,
           0.436134487806635,
           0.07231357023910737,
           -0.32138690725442204,
           1,
           0.2130655788559432,
           -0.29145743096768795
          ],
          [
           0.3635584116546927,
           0.14125314489310625,
           0.6029301866333924,
           0.5773733574630608,
           0.11549352326806935,
           0.09119748404174353,
           0.32958992986142266,
           0.8552684395493867,
           0.7474824626562773,
           0.892162536959431,
           0.8049530061162823,
           0.8873342611478702,
           0.7982520416939276,
           0.6456254285578134,
           0.008479285905019191,
           0.2130655788559432,
           1,
           0.5776303825213424
          ],
          [
           0.612568427601915,
           -0.2099583442129985,
           0.37856590729746653,
           0.39812111214421886,
           -0.3827419366899735,
           -0.3407377678377545,
           0.6707327597624012,
           0.7299277396335513,
           0.47841142204099707,
           0.5876287823859206,
           0.20877245030689534,
           0.4114352445762125,
           0.19054376778431925,
           0.34354926344868736,
           0.5845255463767997,
           -0.29145743096768795,
           0.5776303825213424,
           1
          ]
         ]
        }
       ],
       "layout": {
        "autosize": true,
        "coloraxis": {
         "colorscale": [
          [
           0,
           "#0d0887"
          ],
          [
           0.1111111111111111,
           "#46039f"
          ],
          [
           0.2222222222222222,
           "#7201a8"
          ],
          [
           0.3333333333333333,
           "#9c179e"
          ],
          [
           0.4444444444444444,
           "#bd3786"
          ],
          [
           0.5555555555555556,
           "#d8576b"
          ],
          [
           0.6666666666666666,
           "#ed7953"
          ],
          [
           0.7777777777777778,
           "#fb9f3a"
          ],
          [
           0.8888888888888888,
           "#fdca26"
          ],
          [
           1,
           "#f0f921"
          ]
         ]
        },
        "margin": {
         "t": 60
        },
        "template": {
         "data": {
          "bar": [
           {
            "error_x": {
             "color": "#2a3f5f"
            },
            "error_y": {
             "color": "#2a3f5f"
            },
            "marker": {
             "line": {
              "color": "#E5ECF6",
              "width": 0.5
             },
             "pattern": {
              "fillmode": "overlay",
              "size": 10,
              "solidity": 0.2
             }
            },
            "type": "bar"
           }
          ],
          "barpolar": [
           {
            "marker": {
             "line": {
              "color": "#E5ECF6",
              "width": 0.5
             },
             "pattern": {
              "fillmode": "overlay",
              "size": 10,
              "solidity": 0.2
             }
            },
            "type": "barpolar"
           }
          ],
          "carpet": [
           {
            "aaxis": {
             "endlinecolor": "#2a3f5f",
             "gridcolor": "white",
             "linecolor": "white",
             "minorgridcolor": "white",
             "startlinecolor": "#2a3f5f"
            },
            "baxis": {
             "endlinecolor": "#2a3f5f",
             "gridcolor": "white",
             "linecolor": "white",
             "minorgridcolor": "white",
             "startlinecolor": "#2a3f5f"
            },
            "type": "carpet"
           }
          ],
          "choropleth": [
           {
            "colorbar": {
             "outlinewidth": 0,
             "ticks": ""
            },
            "type": "choropleth"
           }
          ],
          "contour": [
           {
            "colorbar": {
             "outlinewidth": 0,
             "ticks": ""
            },
            "colorscale": [
             [
              0,
              "#0d0887"
             ],
             [
              0.1111111111111111,
              "#46039f"
             ],
             [
              0.2222222222222222,
              "#7201a8"
             ],
             [
              0.3333333333333333,
              "#9c179e"
             ],
             [
              0.4444444444444444,
              "#bd3786"
             ],
             [
              0.5555555555555556,
              "#d8576b"
             ],
             [
              0.6666666666666666,
              "#ed7953"
             ],
             [
              0.7777777777777778,
              "#fb9f3a"
             ],
             [
              0.8888888888888888,
              "#fdca26"
             ],
             [
              1,
              "#f0f921"
             ]
            ],
            "type": "contour"
           }
          ],
          "contourcarpet": [
           {
            "colorbar": {
             "outlinewidth": 0,
             "ticks": ""
            },
            "type": "contourcarpet"
           }
          ],
          "heatmap": [
           {
            "colorbar": {
             "outlinewidth": 0,
             "ticks": ""
            },
            "colorscale": [
             [
              0,
              "#0d0887"
             ],
             [
              0.1111111111111111,
              "#46039f"
             ],
             [
              0.2222222222222222,
              "#7201a8"
             ],
             [
              0.3333333333333333,
              "#9c179e"
             ],
             [
              0.4444444444444444,
              "#bd3786"
             ],
             [
              0.5555555555555556,
              "#d8576b"
             ],
             [
              0.6666666666666666,
              "#ed7953"
             ],
             [
              0.7777777777777778,
              "#fb9f3a"
             ],
             [
              0.8888888888888888,
              "#fdca26"
             ],
             [
              1,
              "#f0f921"
             ]
            ],
            "type": "heatmap"
           }
          ],
          "heatmapgl": [
           {
            "colorbar": {
             "outlinewidth": 0,
             "ticks": ""
            },
            "colorscale": [
             [
              0,
              "#0d0887"
             ],
             [
              0.1111111111111111,
              "#46039f"
             ],
             [
              0.2222222222222222,
              "#7201a8"
             ],
             [
              0.3333333333333333,
              "#9c179e"
             ],
             [
              0.4444444444444444,
              "#bd3786"
             ],
             [
              0.5555555555555556,
              "#d8576b"
             ],
             [
              0.6666666666666666,
              "#ed7953"
             ],
             [
              0.7777777777777778,
              "#fb9f3a"
             ],
             [
              0.8888888888888888,
              "#fdca26"
             ],
             [
              1,
              "#f0f921"
             ]
            ],
            "type": "heatmapgl"
           }
          ],
          "histogram": [
           {
            "marker": {
             "pattern": {
              "fillmode": "overlay",
              "size": 10,
              "solidity": 0.2
             }
            },
            "type": "histogram"
           }
          ],
          "histogram2d": [
           {
            "colorbar": {
             "outlinewidth": 0,
             "ticks": ""
            },
            "colorscale": [
             [
              0,
              "#0d0887"
             ],
             [
              0.1111111111111111,
              "#46039f"
             ],
             [
              0.2222222222222222,
              "#7201a8"
             ],
             [
              0.3333333333333333,
              "#9c179e"
             ],
             [
              0.4444444444444444,
              "#bd3786"
             ],
             [
              0.5555555555555556,
              "#d8576b"
             ],
             [
              0.6666666666666666,
              "#ed7953"
             ],
             [
              0.7777777777777778,
              "#fb9f3a"
             ],
             [
              0.8888888888888888,
              "#fdca26"
             ],
             [
              1,
              "#f0f921"
             ]
            ],
            "type": "histogram2d"
           }
          ],
          "histogram2dcontour": [
           {
            "colorbar": {
             "outlinewidth": 0,
             "ticks": ""
            },
            "colorscale": [
             [
              0,
              "#0d0887"
             ],
             [
              0.1111111111111111,
              "#46039f"
             ],
             [
              0.2222222222222222,
              "#7201a8"
             ],
             [
              0.3333333333333333,
              "#9c179e"
             ],
             [
              0.4444444444444444,
              "#bd3786"
             ],
             [
              0.5555555555555556,
              "#d8576b"
             ],
             [
              0.6666666666666666,
              "#ed7953"
             ],
             [
              0.7777777777777778,
              "#fb9f3a"
             ],
             [
              0.8888888888888888,
              "#fdca26"
             ],
             [
              1,
              "#f0f921"
             ]
            ],
            "type": "histogram2dcontour"
           }
          ],
          "mesh3d": [
           {
            "colorbar": {
             "outlinewidth": 0,
             "ticks": ""
            },
            "type": "mesh3d"
           }
          ],
          "parcoords": [
           {
            "line": {
             "colorbar": {
              "outlinewidth": 0,
              "ticks": ""
             }
            },
            "type": "parcoords"
           }
          ],
          "pie": [
           {
            "automargin": true,
            "type": "pie"
           }
          ],
          "scatter": [
           {
            "fillpattern": {
             "fillmode": "overlay",
             "size": 10,
             "solidity": 0.2
            },
            "type": "scatter"
           }
          ],
          "scatter3d": [
           {
            "line": {
             "colorbar": {
              "outlinewidth": 0,
              "ticks": ""
             }
            },
            "marker": {
             "colorbar": {
              "outlinewidth": 0,
              "ticks": ""
             }
            },
            "type": "scatter3d"
           }
          ],
          "scattercarpet": [
           {
            "marker": {
             "colorbar": {
              "outlinewidth": 0,
              "ticks": ""
             }
            },
            "type": "scattercarpet"
           }
          ],
          "scattergeo": [
           {
            "marker": {
             "colorbar": {
              "outlinewidth": 0,
              "ticks": ""
             }
            },
            "type": "scattergeo"
           }
          ],
          "scattergl": [
           {
            "marker": {
             "colorbar": {
              "outlinewidth": 0,
              "ticks": ""
             }
            },
            "type": "scattergl"
           }
          ],
          "scattermapbox": [
           {
            "marker": {
             "colorbar": {
              "outlinewidth": 0,
              "ticks": ""
             }
            },
            "type": "scattermapbox"
           }
          ],
          "scatterpolar": [
           {
            "marker": {
             "colorbar": {
              "outlinewidth": 0,
              "ticks": ""
             }
            },
            "type": "scatterpolar"
           }
          ],
          "scatterpolargl": [
           {
            "marker": {
             "colorbar": {
              "outlinewidth": 0,
              "ticks": ""
             }
            },
            "type": "scatterpolargl"
           }
          ],
          "scatterternary": [
           {
            "marker": {
             "colorbar": {
              "outlinewidth": 0,
              "ticks": ""
             }
            },
            "type": "scatterternary"
           }
          ],
          "surface": [
           {
            "colorbar": {
             "outlinewidth": 0,
             "ticks": ""
            },
            "colorscale": [
             [
              0,
              "#0d0887"
             ],
             [
              0.1111111111111111,
              "#46039f"
             ],
             [
              0.2222222222222222,
              "#7201a8"
             ],
             [
              0.3333333333333333,
              "#9c179e"
             ],
             [
              0.4444444444444444,
              "#bd3786"
             ],
             [
              0.5555555555555556,
              "#d8576b"
             ],
             [
              0.6666666666666666,
              "#ed7953"
             ],
             [
              0.7777777777777778,
              "#fb9f3a"
             ],
             [
              0.8888888888888888,
              "#fdca26"
             ],
             [
              1,
              "#f0f921"
             ]
            ],
            "type": "surface"
           }
          ],
          "table": [
           {
            "cells": {
             "fill": {
              "color": "#EBF0F8"
             },
             "line": {
              "color": "white"
             }
            },
            "header": {
             "fill": {
              "color": "#C8D4E3"
             },
             "line": {
              "color": "white"
             }
            },
            "type": "table"
           }
          ]
         },
         "layout": {
          "annotationdefaults": {
           "arrowcolor": "#2a3f5f",
           "arrowhead": 0,
           "arrowwidth": 1
          },
          "autotypenumbers": "strict",
          "coloraxis": {
           "colorbar": {
            "outlinewidth": 0,
            "ticks": ""
           }
          },
          "colorscale": {
           "diverging": [
            [
             0,
             "#8e0152"
            ],
            [
             0.1,
             "#c51b7d"
            ],
            [
             0.2,
             "#de77ae"
            ],
            [
             0.3,
             "#f1b6da"
            ],
            [
             0.4,
             "#fde0ef"
            ],
            [
             0.5,
             "#f7f7f7"
            ],
            [
             0.6,
             "#e6f5d0"
            ],
            [
             0.7,
             "#b8e186"
            ],
            [
             0.8,
             "#7fbc41"
            ],
            [
             0.9,
             "#4d9221"
            ],
            [
             1,
             "#276419"
            ]
           ],
           "sequential": [
            [
             0,
             "#0d0887"
            ],
            [
             0.1111111111111111,
             "#46039f"
            ],
            [
             0.2222222222222222,
             "#7201a8"
            ],
            [
             0.3333333333333333,
             "#9c179e"
            ],
            [
             0.4444444444444444,
             "#bd3786"
            ],
            [
             0.5555555555555556,
             "#d8576b"
            ],
            [
             0.6666666666666666,
             "#ed7953"
